###################################
Autor : Carolina
Longitud de elementos creados : 400

-516.77
733.71
-639.66
745.16
-303.45
142.43
-137.81
-304.33
-762.99
-562.15
583.9
606.24
-875.62
-233.02
-655.82
104.21
810.7
828.52
-842.63
-532.07
710.97
-136.26
490.49
-616.29
-638.28
-745.82
81.35
382.98
-157.57
-631.52
-931.59
-267.45
-831.77
505.58
-810.44
-76.31
-249.04
-158.32
-903.24
124.58
-227.2
126.13
-545.67
-58.23
-697.08
560.89
-566.4
680.41
-644.67
746.37
443.72
922.05
-277.54
-108.25
-487.8
677.33
381.8
-421.49
574.74
-354.85
554.52
-708.76
-848.09
169.26
-922.82
-354.22
332.44
381.14
-351.1
799.04
-145.84
-303.75
740.5
870.15
-877.34
-639.14
452.74
-631.88
-498.15
-940.56
-528.13
-394.39
914.99
722.27
413.78
-128.94
865.94
635.44
-687.92
-282.86
354.12
690.13
763.02
-836.52
849.77
-784.45
371.88
823.98
-521.53
-813.98
484.77
22.86
-134.47
825.38
-34.74
-209.2
-261.92
614.13
-249.78
342.43
-726.97
-463.41
-709.77
71.12
459.89
51.62
609.91
-589.04
-711.53
-296.0
703.89
18.72
-572.99
-452.56
-763.08
-359.35
276.05
-353.74
-871.13
-250.86
-266.37
-216.2
494.41
596.5
839.52
-784.31
-385.57
665.52
-408.43
809.79
144.05
670.76
623.95
249.13
-378.29
249.18
234.78
79.78
451.43
257.31
245.57
-623.16
-959.03
-792.16
-397.97
516.65
-492.67
780.29
-736.85
-847.13
-501.11
593.45
-52.1
-159.09
-968.4
428.11
-398.59
2.29
991.12
990.85
60.68
872.27
-35.97
-62.32
347.52
-51.65
376.77
365.77
-762.36
-947.64
-375.6
289.65
326.57
-402.66
769.42
-310.93
688.03
-111.56
725.58
661.83
-625.48
363.88
-619.96
-68.04
534.71
-421.56
-954.65
-508.91
-277.87
410.69
-172.38
534.79
-939.95
507.7
-978.53
-5.37
-592.13
-725.75
-518.38
-50.35
-622.18
-124.96
-911.97
12.11
122.66
657.86
850.48
-642.33
-807.95
150.37
-983.97
503.18
415.19
-624.07
578.71
-831.95
-205.04
610.64
61.91
-431.56
-341.05
901.63
69.48
393.99
983.74
-334.03
-787.55
-668.16
701.24
531.09
290.53
-486.9
-948.47
206.43
-695.93
-450.97
-385.98
-398.08
-207.01
-97.9
-489.09
704.44
-676.3
282.07
-557.95
771.72
-519.7
-532.42
735.93
-713.91
-337.41
498.7
-613.12
823.67
173.4
551.51
-838.75
502.74
-376.26
-55.94
-679.35
-33.38
-492.13
733.54
-788.98
-957.39
964.97
138.37
53.58
-879.82
-803.34
-385.79
-364.27
-920.66
-224.44
854.12
268.81
-845.44
208.6
-808.18
398.88
518.73
-540.8
919.78
-466.07
562.47
-105.17
-66.48
792.3
-153.98
134.55
702.99
-692.77
541.11
-402.1
-861.23
-61.39
-196.48
224.78
127.85
353.63
954.09
-205.95
692.28
-654.99
638.52
529.68
573.7
-517.19
-836.17
299.01
-173.88
-323.63
134.54
-424.58
-487.55
-982.99
191.89
-420.6
963.59
407.42
153.62
-479.0
-774.48
916.39
-790.93
-294.61
-718.94
-480.59
-73.93
421.79
-533.15
-30.86
-200.66
-7.67
-947.25
901.59
801.95
-869.0
410.44
947.52
8.06
859.45
414.36
-363.6
-297.96
-375.22
741.59
-825.36
623.76
-46.06
623.87
-194.82
980.29
57.27
238.66
377.71
687.74
-930.14
425.91
10.76
946.94
312.95
700.03
281.81
-301.92
911.76
628.66
254.29
-248.36
359.98
-429.35
819.77
487.8
-759.92
489.09
345.24
-126.52
188.43
-891.74
403.44
-739.49
418.44
6.89
503.28
939.66
622.66
456.26
149.55
-258.57
--------------------------------------
