###################################
Autor : Andres
Longitud de elementos creados : 25

1 ) -38.49
2 ) -898.1
3 ) 687.17
4 ) 673.1
5 ) 648.02
6 ) -583.37
7 ) 583.95
8 ) -771.68
9 ) -513.07
10 ) 306.21
11 ) 394.15
12 ) -229.81
13 ) 114.44
14 ) -958.98
15 ) -131.42
16 ) -64.18
17 ) 494.99
18 ) -858.62
19 ) 496.73
20 ) -387.37
21 ) 634.29
22 ) -511.82
23 ) -747.27
24 ) 952.32
25 ) 354.47
--------------------------------------
###################################
Autor : Laura
Longitud de elementos creados : 10

1) 828.43
2) 146.42
3) 403.79
4) 82.71
5) -812.13
6) -288.03
7) -50.11
8) 772.7
9) 610.68
10) 778.13
----------------------------
